7375 0
111544 0 
27286 0
102773 0 
140821 0
128520 0 
89029 0
47692 0 
159928 0
64314 0
166944 0
23748 0
46714 0
14929 0
5727 0
140549 0
42445 0
126709 0
10651 0
53724 0
36224 1
41171 0
113224 0 
68820 0
61396 0
77862 0
96631 0
124383 0
67063 0
136277 0
86994 0
137328 0
28977 0
44416 0
131254 0
156470 0
115261 0
165057 0
133045 0
71715 0
4052 0
19352 0
80936 0
144881 0
58891 0
80019 0
141356 0
171752 0
142650 0
153464 0
127527 0
148218 0
74985 0
150506 0
130454 0
82743 0
22436 1
57642 0
56399 0
9438 0
106232 0
32119 0
72627 0
110492 0
143844 0
146370 0
28708 0
130802 0
140250 0
4881 0
99749 0
33475 0 two bright stars
67938 0
51730 0
106864 0
138503 0
129197 0
133954 0
94652 0
101781 0
136069 0
161758 0
62296 0
120690 0
61671 0
69609 0
119083 0
90959 0
54353 0
25683 0
104382 0
105146 0
133224 1
43363 0
167692 0
139256 0
29358 0
21309 0
125703 0
152615 0
85289 0
44481 0
98352 0
1408 0
45069 0
136213 0
147588 0
42025 0
91436 0
141751 0
76794 0
143097 0
108393 0
63073 0
168044 0
7217 0
12164 0
169773 1 too small?
131803 0
157903 0
145547 0
134463 0
38875 0
117174 0
135031 0
145854 0
154556 0
81381 0
16959 0
155705 0
142743 0
148617 0
110213 0
126125 0
132030 0
146649 0
162999 0
49795 0


4 total
