24083
118657
110508
105346
136108
108097
89273
91924
144510
81007
68988
55778
131288
6722
33264
62383
145625
13617
100257
126845
9549
147019
130893
78045
149400
139485
58907
126387
134850
129296
7223
19979
56837
173289
42137
130569
160029
18274
146193
168686
45162
72378
1020
135960
69840
64817
150684
131978
11159
156558
132238
143102
46970
136258
142373
152879
167076
108642
85409
15004
47928
44425
51913
121387
145126
162360
3696
102808
163319
115411
133245
68381
102547
125420
137798
114290
158830
5116
119505
61909
8567
82966
53920
142801
36339
167768
58395
39229
165149
72824
30219
21547
25780
80033
41247
111915
128954
63736
90975
133166
75551
137163
44003
28840
140581
128064
29047
146537
170742
106496
155854
141424
138748
125937
76876
27772
95522
44968
142655
67679
153558
50518
22516
110300
88128
81529
140931
147963
98574
134266
104811
61566
42641
33605
140342
96713
154966
4423
148386
