159683
43009
68450
3851
162751
163405
157610
142512
112733
45667
52878
62132
5518
76326
129003
106779
108275
140698
98756
146277
132751
62787
38173
70934
1133
88216
83532
148151
143096
81355
54343
96421
96954
103147
126476
105067
166617
19302
11615
69404
129728
33424
145768
155682
66992
47052
149908
160934
148473
152887
25269
45016
137243
144722
73017
143437
136176
21620
153961
72445
28116
100608
42359
6835
115415
114700
125603
61193
141599
41085
58399
15849
142741
170976
125946
67752
134400
10169
80826
151145
136046
155970
7295
136269
85832
14399
109850
130746
169626
124087
31567
139151
9281
141317
33778
61641
167773
28930
146548
26956
56175
147262
140242
126918
133705
44435
48213
138364
106171
89337
82641
128265
145181
57328
91949
44400
102760
134906
120243
140502
118773
50644
131404
20873
22646
111174
76892
133170
63927
167441
29265
41679
110390
132023
4496
91196
131205
78807
